title:My DIM Wishlist
description:My own list

// Nox Sidereal IV ()
dimwishlist:item=2875763009&perks=3563868667,2422968039,1621842933
dimwishlist:item=2875763009&perks=3563868667,2422968039,501821599
dimwishlist:item=2875763009&perks=3563868667,254337357,1621842933
dimwishlist:item=2875763009&perks=3563868667,254337357,501821599
dimwishlist:item=2875763009&perks=3563868667,2963273944,1621842933
dimwishlist:item=2875763009&perks=3563868667,2963273944,501821599
dimwishlist:item=2875763009&perks=3563868667,2078520142,1621842933
dimwishlist:item=2875763009&perks=3563868667,2078520142,501821599
dimwishlist:item=2875763009&perks=3563868667,3007133316,1621842933
dimwishlist:item=2875763009&perks=3563868667,3007133316,501821599
dimwishlist:item=2875763009&perks=1906147653,2422968039,1621842933
dimwishlist:item=2875763009&perks=1906147653,2422968039,501821599
dimwishlist:item=2875763009&perks=1906147653,254337357,1621842933
dimwishlist:item=2875763009&perks=1906147653,254337357,501821599
dimwishlist:item=2875763009&perks=1906147653,2963273944,1621842933
dimwishlist:item=2875763009&perks=1906147653,2963273944,501821599
dimwishlist:item=2875763009&perks=1906147653,2078520142,1621842933
dimwishlist:item=2875763009&perks=1906147653,2078520142,501821599
dimwishlist:item=2875763009&perks=1906147653,3007133316,1621842933
dimwishlist:item=2875763009&perks=1906147653,3007133316,501821599

// Permafrost - Crystaline ()
dimwishlist:item=2922964484&perks=582768348,2108812838,2617553311,2078520142,1064478151
dimwishlist:item=2922964484&perks=3250572790,2108812838,2617553311,2078520142,1064478151

// Permafrost ()
dimwishlist:item=2922964484&perks=2108812838,2682205016,177189259,1064478151
dimwishlist:item=2922964484&perks=2108812838,2682205016,2799030358,1064478151

// Motif-41 (pve)
//notes: MW - Velocity
dimwishlist:item=1685533876&perks=2052299741,2108812838,4223976499,2675184851,1292971594
dimwishlist:item=1685533876&perks=2052299741,2108812838,3528046508,2675184851,1292971594
dimwishlist:item=1685533876&perks=1639399262,2108812838,4223976499,2675184851,1292971594
dimwishlist:item=1685533876&perks=1639399262,2108812838,3528046508,2675184851,1292971594
dimwishlist:item=1685533876&perks=3250572790,2108812838,4223976499,2675184851,1292971594
dimwishlist:item=1685533876&perks=3250572790,2108812838,3528046508,2675184851,1292971594
dimwishlist:item=1685533876&perks=582768348,2108812838,4223976499,2675184851,1292971594
dimwishlist:item=1685533876&perks=582768348,2108812838,3528046508,2675184851,1292971594

// Evening SI4 ()
dimwishlist:item=1763361847&perks=3048246338,1709045111,820036316,2675184851
dimwishlist:item=1763361847&perks=3048246338,1709045111,820036316,3684445958
dimwishlist:item=1763361847&perks=3048246338,1709045111,820036316,2799030358
dimwishlist:item=1763361847&perks=3048246338,1709045111,820036316,3581929919
dimwishlist:item=1763361847&perks=3048246338,1709045111,4223976499,2675184851
dimwishlist:item=1763361847&perks=3048246338,1709045111,4223976499,3684445958
dimwishlist:item=1763361847&perks=3048246338,1709045111,4223976499,2799030358
dimwishlist:item=1763361847&perks=3048246338,1709045111,4223976499,3581929919
dimwishlist:item=1763361847&perks=3048246338,1709045111,4096144819,2675184851
dimwishlist:item=1763361847&perks=3048246338,1709045111,4096144819,3684445958
dimwishlist:item=1763361847&perks=3048246338,1709045111,4096144819,2799030358
dimwishlist:item=1763361847&perks=3048246338,1709045111,4096144819,3581929919
dimwishlist:item=1763361847&perks=3048246338,1709045111,4245865861,2675184851
dimwishlist:item=1763361847&perks=3048246338,1709045111,4245865861,3684445958
dimwishlist:item=1763361847&perks=3048246338,1709045111,4245865861,2799030358
dimwishlist:item=1763361847&perks=3048246338,1709045111,4245865861,3581929919
dimwishlist:item=1763361847&perks=3048246338,1783397184,820036316,2675184851
dimwishlist:item=1763361847&perks=3048246338,1783397184,820036316,3684445958
dimwishlist:item=1763361847&perks=3048246338,1783397184,820036316,2799030358
dimwishlist:item=1763361847&perks=3048246338,1783397184,820036316,3581929919
dimwishlist:item=1763361847&perks=3048246338,1783397184,4223976499,2675184851
dimwishlist:item=1763361847&perks=3048246338,1783397184,4223976499,3684445958
dimwishlist:item=1763361847&perks=3048246338,1783397184,4223976499,2799030358
dimwishlist:item=1763361847&perks=3048246338,1783397184,4223976499,3581929919
dimwishlist:item=1763361847&perks=3048246338,1783397184,4096144819,2675184851
dimwishlist:item=1763361847&perks=3048246338,1783397184,4096144819,3684445958
dimwishlist:item=1763361847&perks=3048246338,1783397184,4096144819,2799030358
dimwishlist:item=1763361847&perks=3048246338,1783397184,4096144819,3581929919
dimwishlist:item=1763361847&perks=3048246338,1783397184,4245865861,2675184851
dimwishlist:item=1763361847&perks=3048246338,1783397184,4245865861,3684445958
dimwishlist:item=1763361847&perks=3048246338,1783397184,4245865861,2799030358
dimwishlist:item=1763361847&perks=3048246338,1783397184,4245865861,3581929919
dimwishlist:item=1763361847&perks=3048246338,1065371964,820036316,2675184851
dimwishlist:item=1763361847&perks=3048246338,1065371964,820036316,3684445958
dimwishlist:item=1763361847&perks=3048246338,1065371964,820036316,2799030358
dimwishlist:item=1763361847&perks=3048246338,1065371964,820036316,3581929919
dimwishlist:item=1763361847&perks=3048246338,1065371964,4223976499,2675184851
dimwishlist:item=1763361847&perks=3048246338,1065371964,4223976499,3684445958
dimwishlist:item=1763361847&perks=3048246338,1065371964,4223976499,2799030358
dimwishlist:item=1763361847&perks=3048246338,1065371964,4223976499,3581929919
dimwishlist:item=1763361847&perks=3048246338,1065371964,4096144819,2675184851
dimwishlist:item=1763361847&perks=3048246338,1065371964,4096144819,3684445958
dimwishlist:item=1763361847&perks=3048246338,1065371964,4096144819,2799030358
dimwishlist:item=1763361847&perks=3048246338,1065371964,4096144819,3581929919
dimwishlist:item=1763361847&perks=3048246338,1065371964,4245865861,2675184851
dimwishlist:item=1763361847&perks=3048246338,1065371964,4245865861,3684445958
dimwishlist:item=1763361847&perks=3048246338,1065371964,4245865861,2799030358
dimwishlist:item=1763361847&perks=3048246338,1065371964,4245865861,3581929919
dimwishlist:item=1763361847&perks=3048246338,3267421167,820036316,2675184851
dimwishlist:item=1763361847&perks=3048246338,3267421167,820036316,3684445958
dimwishlist:item=1763361847&perks=3048246338,3267421167,820036316,2799030358
dimwishlist:item=1763361847&perks=3048246338,3267421167,820036316,3581929919
dimwishlist:item=1763361847&perks=3048246338,3267421167,4223976499,2675184851
dimwishlist:item=1763361847&perks=3048246338,3267421167,4223976499,3684445958
dimwishlist:item=1763361847&perks=3048246338,3267421167,4223976499,2799030358
dimwishlist:item=1763361847&perks=3048246338,3267421167,4223976499,3581929919
dimwishlist:item=1763361847&perks=3048246338,3267421167,4096144819,2675184851
dimwishlist:item=1763361847&perks=3048246338,3267421167,4096144819,3684445958
dimwishlist:item=1763361847&perks=3048246338,3267421167,4096144819,2799030358
dimwishlist:item=1763361847&perks=3048246338,3267421167,4096144819,3581929919
dimwishlist:item=1763361847&perks=3048246338,3267421167,4245865861,2675184851
dimwishlist:item=1763361847&perks=3048246338,3267421167,4245865861,3684445958
dimwishlist:item=1763361847&perks=3048246338,3267421167,4245865861,2799030358
dimwishlist:item=1763361847&perks=3048246338,3267421167,4245865861,3581929919
dimwishlist:item=1763361847&perks=3399528164,1709045111,820036316,2675184851
dimwishlist:item=1763361847&perks=3399528164,1709045111,820036316,3684445958
dimwishlist:item=1763361847&perks=3399528164,1709045111,820036316,2799030358
dimwishlist:item=1763361847&perks=3399528164,1709045111,820036316,3581929919
dimwishlist:item=1763361847&perks=3399528164,1709045111,4223976499,2675184851
dimwishlist:item=1763361847&perks=3399528164,1709045111,4223976499,3684445958
dimwishlist:item=1763361847&perks=3399528164,1709045111,4223976499,2799030358
dimwishlist:item=1763361847&perks=3399528164,1709045111,4223976499,3581929919
dimwishlist:item=1763361847&perks=3399528164,1709045111,4096144819,2675184851
dimwishlist:item=1763361847&perks=3399528164,1709045111,4096144819,3684445958
dimwishlist:item=1763361847&perks=3399528164,1709045111,4096144819,2799030358
dimwishlist:item=1763361847&perks=3399528164,1709045111,4096144819,3581929919
dimwishlist:item=1763361847&perks=3399528164,1709045111,4245865861,2675184851
dimwishlist:item=1763361847&perks=3399528164,1709045111,4245865861,3684445958
dimwishlist:item=1763361847&perks=3399528164,1709045111,4245865861,2799030358
dimwishlist:item=1763361847&perks=3399528164,1709045111,4245865861,3581929919
dimwishlist:item=1763361847&perks=3399528164,1783397184,820036316,2675184851
dimwishlist:item=1763361847&perks=3399528164,1783397184,820036316,3684445958
dimwishlist:item=1763361847&perks=3399528164,1783397184,820036316,2799030358
dimwishlist:item=1763361847&perks=3399528164,1783397184,820036316,3581929919
dimwishlist:item=1763361847&perks=3399528164,1783397184,4223976499,2675184851
dimwishlist:item=1763361847&perks=3399528164,1783397184,4223976499,3684445958
dimwishlist:item=1763361847&perks=3399528164,1783397184,4223976499,2799030358
dimwishlist:item=1763361847&perks=3399528164,1783397184,4223976499,3581929919
dimwishlist:item=1763361847&perks=3399528164,1783397184,4096144819,2675184851
dimwishlist:item=1763361847&perks=3399528164,1783397184,4096144819,3684445958
dimwishlist:item=1763361847&perks=3399528164,1783397184,4096144819,2799030358
dimwishlist:item=1763361847&perks=3399528164,1783397184,4096144819,3581929919
dimwishlist:item=1763361847&perks=3399528164,1783397184,4245865861,2675184851
dimwishlist:item=1763361847&perks=3399528164,1783397184,4245865861,3684445958
dimwishlist:item=1763361847&perks=3399528164,1783397184,4245865861,2799030358
dimwishlist:item=1763361847&perks=3399528164,1783397184,4245865861,3581929919
dimwishlist:item=1763361847&perks=3399528164,1065371964,820036316,2675184851
dimwishlist:item=1763361847&perks=3399528164,1065371964,820036316,3684445958
dimwishlist:item=1763361847&perks=3399528164,1065371964,820036316,2799030358
dimwishlist:item=1763361847&perks=3399528164,1065371964,820036316,3581929919
dimwishlist:item=1763361847&perks=3399528164,1065371964,4223976499,2675184851
dimwishlist:item=1763361847&perks=3399528164,1065371964,4223976499,3684445958
dimwishlist:item=1763361847&perks=3399528164,1065371964,4223976499,2799030358
dimwishlist:item=1763361847&perks=3399528164,1065371964,4223976499,3581929919
dimwishlist:item=1763361847&perks=3399528164,1065371964,4096144819,2675184851
dimwishlist:item=1763361847&perks=3399528164,1065371964,4096144819,3684445958
dimwishlist:item=1763361847&perks=3399528164,1065371964,4096144819,2799030358
dimwishlist:item=1763361847&perks=3399528164,1065371964,4096144819,3581929919
dimwishlist:item=1763361847&perks=3399528164,1065371964,4245865861,2675184851
dimwishlist:item=1763361847&perks=3399528164,1065371964,4245865861,3684445958
dimwishlist:item=1763361847&perks=3399528164,1065371964,4245865861,2799030358
dimwishlist:item=1763361847&perks=3399528164,1065371964,4245865861,3581929919
dimwishlist:item=1763361847&perks=3399528164,3267421167,820036316,2675184851
dimwishlist:item=1763361847&perks=3399528164,3267421167,820036316,3684445958
dimwishlist:item=1763361847&perks=3399528164,3267421167,820036316,2799030358
dimwishlist:item=1763361847&perks=3399528164,3267421167,820036316,3581929919
dimwishlist:item=1763361847&perks=3399528164,3267421167,4223976499,2675184851
dimwishlist:item=1763361847&perks=3399528164,3267421167,4223976499,3684445958
dimwishlist:item=1763361847&perks=3399528164,3267421167,4223976499,2799030358
dimwishlist:item=1763361847&perks=3399528164,3267421167,4223976499,3581929919
dimwishlist:item=1763361847&perks=3399528164,3267421167,4096144819,2675184851
dimwishlist:item=1763361847&perks=3399528164,3267421167,4096144819,3684445958
dimwishlist:item=1763361847&perks=3399528164,3267421167,4096144819,2799030358
dimwishlist:item=1763361847&perks=3399528164,3267421167,4096144819,3581929919
dimwishlist:item=1763361847&perks=3399528164,3267421167,4245865861,2675184851
dimwishlist:item=1763361847&perks=3399528164,3267421167,4245865861,3684445958
dimwishlist:item=1763361847&perks=3399528164,3267421167,4245865861,2799030358
dimwishlist:item=1763361847&perks=3399528164,3267421167,4245865861,3581929919
dimwishlist:item=1763361847&perks=111235976,1709045111,820036316,2675184851
dimwishlist:item=1763361847&perks=111235976,1709045111,820036316,3684445958
dimwishlist:item=1763361847&perks=111235976,1709045111,820036316,2799030358
dimwishlist:item=1763361847&perks=111235976,1709045111,820036316,3581929919
dimwishlist:item=1763361847&perks=111235976,1709045111,4223976499,2675184851
dimwishlist:item=1763361847&perks=111235976,1709045111,4223976499,3684445958
dimwishlist:item=1763361847&perks=111235976,1709045111,4223976499,2799030358
dimwishlist:item=1763361847&perks=111235976,1709045111,4223976499,3581929919
dimwishlist:item=1763361847&perks=111235976,1709045111,4096144819,2675184851
dimwishlist:item=1763361847&perks=111235976,1709045111,4096144819,3684445958
dimwishlist:item=1763361847&perks=111235976,1709045111,4096144819,2799030358
dimwishlist:item=1763361847&perks=111235976,1709045111,4096144819,3581929919
dimwishlist:item=1763361847&perks=111235976,1709045111,4245865861,2675184851
dimwishlist:item=1763361847&perks=111235976,1709045111,4245865861,3684445958
dimwishlist:item=1763361847&perks=111235976,1709045111,4245865861,2799030358
dimwishlist:item=1763361847&perks=111235976,1709045111,4245865861,3581929919
dimwishlist:item=1763361847&perks=111235976,1783397184,820036316,2675184851
dimwishlist:item=1763361847&perks=111235976,1783397184,820036316,3684445958
dimwishlist:item=1763361847&perks=111235976,1783397184,820036316,2799030358
dimwishlist:item=1763361847&perks=111235976,1783397184,820036316,3581929919
dimwishlist:item=1763361847&perks=111235976,1783397184,4223976499,2675184851
dimwishlist:item=1763361847&perks=111235976,1783397184,4223976499,3684445958
dimwishlist:item=1763361847&perks=111235976,1783397184,4223976499,2799030358
dimwishlist:item=1763361847&perks=111235976,1783397184,4223976499,3581929919
dimwishlist:item=1763361847&perks=111235976,1783397184,4096144819,2675184851
dimwishlist:item=1763361847&perks=111235976,1783397184,4096144819,3684445958
dimwishlist:item=1763361847&perks=111235976,1783397184,4096144819,2799030358
dimwishlist:item=1763361847&perks=111235976,1783397184,4096144819,3581929919
dimwishlist:item=1763361847&perks=111235976,1783397184,4245865861,2675184851
dimwishlist:item=1763361847&perks=111235976,1783397184,4245865861,3684445958
dimwishlist:item=1763361847&perks=111235976,1783397184,4245865861,2799030358
dimwishlist:item=1763361847&perks=111235976,1783397184,4245865861,3581929919
dimwishlist:item=1763361847&perks=111235976,1065371964,820036316,2675184851
dimwishlist:item=1763361847&perks=111235976,1065371964,820036316,3684445958
dimwishlist:item=1763361847&perks=111235976,1065371964,820036316,2799030358
dimwishlist:item=1763361847&perks=111235976,1065371964,820036316,3581929919
dimwishlist:item=1763361847&perks=111235976,1065371964,4223976499,2675184851
dimwishlist:item=1763361847&perks=111235976,1065371964,4223976499,3684445958
dimwishlist:item=1763361847&perks=111235976,1065371964,4223976499,2799030358
dimwishlist:item=1763361847&perks=111235976,1065371964,4223976499,3581929919
dimwishlist:item=1763361847&perks=111235976,1065371964,4096144819,2675184851
dimwishlist:item=1763361847&perks=111235976,1065371964,4096144819,3684445958
dimwishlist:item=1763361847&perks=111235976,1065371964,4096144819,2799030358
dimwishlist:item=1763361847&perks=111235976,1065371964,4096144819,3581929919
dimwishlist:item=1763361847&perks=111235976,1065371964,4245865861,2675184851
dimwishlist:item=1763361847&perks=111235976,1065371964,4245865861,3684445958
dimwishlist:item=1763361847&perks=111235976,1065371964,4245865861,2799030358
dimwishlist:item=1763361847&perks=111235976,1065371964,4245865861,3581929919
dimwishlist:item=1763361847&perks=111235976,3267421167,820036316,2675184851
dimwishlist:item=1763361847&perks=111235976,3267421167,820036316,3684445958
dimwishlist:item=1763361847&perks=111235976,3267421167,820036316,2799030358
dimwishlist:item=1763361847&perks=111235976,3267421167,820036316,3581929919
dimwishlist:item=1763361847&perks=111235976,3267421167,4223976499,2675184851
dimwishlist:item=1763361847&perks=111235976,3267421167,4223976499,3684445958
dimwishlist:item=1763361847&perks=111235976,3267421167,4223976499,2799030358
dimwishlist:item=1763361847&perks=111235976,3267421167,4223976499,3581929919
dimwishlist:item=1763361847&perks=111235976,3267421167,4096144819,2675184851
dimwishlist:item=1763361847&perks=111235976,3267421167,4096144819,3684445958
dimwishlist:item=1763361847&perks=111235976,3267421167,4096144819,2799030358
dimwishlist:item=1763361847&perks=111235976,3267421167,4096144819,3581929919
dimwishlist:item=1763361847&perks=111235976,3267421167,4245865861,2675184851
dimwishlist:item=1763361847&perks=111235976,3267421167,4245865861,3684445958
dimwishlist:item=1763361847&perks=111235976,3267421167,4245865861,2799030358
dimwishlist:item=1763361847&perks=111235976,3267421167,4245865861,3581929919
dimwishlist:item=1763361847&perks=1124871858,1709045111,820036316,2675184851
dimwishlist:item=1763361847&perks=1124871858,1709045111,820036316,3684445958
dimwishlist:item=1763361847&perks=1124871858,1709045111,820036316,2799030358
dimwishlist:item=1763361847&perks=1124871858,1709045111,820036316,3581929919
dimwishlist:item=1763361847&perks=1124871858,1709045111,4223976499,2675184851
dimwishlist:item=1763361847&perks=1124871858,1709045111,4223976499,3684445958
dimwishlist:item=1763361847&perks=1124871858,1709045111,4223976499,2799030358
dimwishlist:item=1763361847&perks=1124871858,1709045111,4223976499,3581929919
dimwishlist:item=1763361847&perks=1124871858,1709045111,4096144819,2675184851
dimwishlist:item=1763361847&perks=1124871858,1709045111,4096144819,3684445958
dimwishlist:item=1763361847&perks=1124871858,1709045111,4096144819,2799030358
dimwishlist:item=1763361847&perks=1124871858,1709045111,4096144819,3581929919
dimwishlist:item=1763361847&perks=1124871858,1709045111,4245865861,2675184851
dimwishlist:item=1763361847&perks=1124871858,1709045111,4245865861,3684445958
dimwishlist:item=1763361847&perks=1124871858,1709045111,4245865861,2799030358
dimwishlist:item=1763361847&perks=1124871858,1709045111,4245865861,3581929919
dimwishlist:item=1763361847&perks=1124871858,1783397184,820036316,2675184851
dimwishlist:item=1763361847&perks=1124871858,1783397184,820036316,3684445958
dimwishlist:item=1763361847&perks=1124871858,1783397184,820036316,2799030358
dimwishlist:item=1763361847&perks=1124871858,1783397184,820036316,3581929919
dimwishlist:item=1763361847&perks=1124871858,1783397184,4223976499,2675184851
dimwishlist:item=1763361847&perks=1124871858,1783397184,4223976499,3684445958
dimwishlist:item=1763361847&perks=1124871858,1783397184,4223976499,2799030358
dimwishlist:item=1763361847&perks=1124871858,1783397184,4223976499,3581929919
dimwishlist:item=1763361847&perks=1124871858,1783397184,4096144819,2675184851
dimwishlist:item=1763361847&perks=1124871858,1783397184,4096144819,3684445958
dimwishlist:item=1763361847&perks=1124871858,1783397184,4096144819,2799030358
dimwishlist:item=1763361847&perks=1124871858,1783397184,4096144819,3581929919
dimwishlist:item=1763361847&perks=1124871858,1783397184,4245865861,2675184851
dimwishlist:item=1763361847&perks=1124871858,1783397184,4245865861,3684445958
dimwishlist:item=1763361847&perks=1124871858,1783397184,4245865861,2799030358
dimwishlist:item=1763361847&perks=1124871858,1783397184,4245865861,3581929919
dimwishlist:item=1763361847&perks=1124871858,1065371964,820036316,2675184851
dimwishlist:item=1763361847&perks=1124871858,1065371964,820036316,3684445958
dimwishlist:item=1763361847&perks=1124871858,1065371964,820036316,2799030358
dimwishlist:item=1763361847&perks=1124871858,1065371964,820036316,3581929919
dimwishlist:item=1763361847&perks=1124871858,1065371964,4223976499,2675184851
dimwishlist:item=1763361847&perks=1124871858,1065371964,4223976499,3684445958
dimwishlist:item=1763361847&perks=1124871858,1065371964,4223976499,2799030358
dimwishlist:item=1763361847&perks=1124871858,1065371964,4223976499,3581929919
dimwishlist:item=1763361847&perks=1124871858,1065371964,4096144819,2675184851
dimwishlist:item=1763361847&perks=1124871858,1065371964,4096144819,3684445958
dimwishlist:item=1763361847&perks=1124871858,1065371964,4096144819,2799030358
dimwishlist:item=1763361847&perks=1124871858,1065371964,4096144819,3581929919
dimwishlist:item=1763361847&perks=1124871858,1065371964,4245865861,2675184851
dimwishlist:item=1763361847&perks=1124871858,1065371964,4245865861,3684445958
dimwishlist:item=1763361847&perks=1124871858,1065371964,4245865861,2799030358
dimwishlist:item=1763361847&perks=1124871858,1065371964,4245865861,3581929919
dimwishlist:item=1763361847&perks=1124871858,3267421167,820036316,2675184851
dimwishlist:item=1763361847&perks=1124871858,3267421167,820036316,3684445958
dimwishlist:item=1763361847&perks=1124871858,3267421167,820036316,2799030358
dimwishlist:item=1763361847&perks=1124871858,3267421167,820036316,3581929919
dimwishlist:item=1763361847&perks=1124871858,3267421167,4223976499,2675184851
dimwishlist:item=1763361847&perks=1124871858,3267421167,4223976499,3684445958
dimwishlist:item=1763361847&perks=1124871858,3267421167,4223976499,2799030358
dimwishlist:item=1763361847&perks=1124871858,3267421167,4223976499,3581929919
dimwishlist:item=1763361847&perks=1124871858,3267421167,4096144819,2675184851
dimwishlist:item=1763361847&perks=1124871858,3267421167,4096144819,3684445958
dimwishlist:item=1763361847&perks=1124871858,3267421167,4096144819,2799030358
dimwishlist:item=1763361847&perks=1124871858,3267421167,4096144819,3581929919
dimwishlist:item=1763361847&perks=1124871858,3267421167,4245865861,2675184851
dimwishlist:item=1763361847&perks=1124871858,3267421167,4245865861,3684445958
dimwishlist:item=1763361847&perks=1124871858,3267421167,4245865861,2799030358
dimwishlist:item=1763361847&perks=1124871858,3267421167,4245865861,3581929919
dimwishlist:item=1763361847&perks=1147230557,1709045111,820036316,2675184851
dimwishlist:item=1763361847&perks=1147230557,1709045111,820036316,3684445958
dimwishlist:item=1763361847&perks=1147230557,1709045111,820036316,2799030358
dimwishlist:item=1763361847&perks=1147230557,1709045111,820036316,3581929919
dimwishlist:item=1763361847&perks=1147230557,1709045111,4223976499,2675184851
dimwishlist:item=1763361847&perks=1147230557,1709045111,4223976499,3684445958
dimwishlist:item=1763361847&perks=1147230557,1709045111,4223976499,2799030358
dimwishlist:item=1763361847&perks=1147230557,1709045111,4223976499,3581929919
dimwishlist:item=1763361847&perks=1147230557,1709045111,4096144819,2675184851
dimwishlist:item=1763361847&perks=1147230557,1709045111,4096144819,3684445958
dimwishlist:item=1763361847&perks=1147230557,1709045111,4096144819,2799030358
dimwishlist:item=1763361847&perks=1147230557,1709045111,4096144819,3581929919
dimwishlist:item=1763361847&perks=1147230557,1709045111,4245865861,2675184851
dimwishlist:item=1763361847&perks=1147230557,1709045111,4245865861,3684445958
dimwishlist:item=1763361847&perks=1147230557,1709045111,4245865861,2799030358
dimwishlist:item=1763361847&perks=1147230557,1709045111,4245865861,3581929919
dimwishlist:item=1763361847&perks=1147230557,1783397184,820036316,2675184851
dimwishlist:item=1763361847&perks=1147230557,1783397184,820036316,3684445958
dimwishlist:item=1763361847&perks=1147230557,1783397184,820036316,2799030358
dimwishlist:item=1763361847&perks=1147230557,1783397184,820036316,3581929919
dimwishlist:item=1763361847&perks=1147230557,1783397184,4223976499,2675184851
dimwishlist:item=1763361847&perks=1147230557,1783397184,4223976499,3684445958
dimwishlist:item=1763361847&perks=1147230557,1783397184,4223976499,2799030358
dimwishlist:item=1763361847&perks=1147230557,1783397184,4223976499,3581929919
dimwishlist:item=1763361847&perks=1147230557,1783397184,4096144819,2675184851
dimwishlist:item=1763361847&perks=1147230557,1783397184,4096144819,3684445958
dimwishlist:item=1763361847&perks=1147230557,1783397184,4096144819,2799030358
dimwishlist:item=1763361847&perks=1147230557,1783397184,4096144819,3581929919
dimwishlist:item=1763361847&perks=1147230557,1783397184,4245865861,2675184851
dimwishlist:item=1763361847&perks=1147230557,1783397184,4245865861,3684445958
dimwishlist:item=1763361847&perks=1147230557,1783397184,4245865861,2799030358
dimwishlist:item=1763361847&perks=1147230557,1783397184,4245865861,3581929919
dimwishlist:item=1763361847&perks=1147230557,1065371964,820036316,2675184851
dimwishlist:item=1763361847&perks=1147230557,1065371964,820036316,3684445958
dimwishlist:item=1763361847&perks=1147230557,1065371964,820036316,2799030358
dimwishlist:item=1763361847&perks=1147230557,1065371964,820036316,3581929919
dimwishlist:item=1763361847&perks=1147230557,1065371964,4223976499,2675184851
dimwishlist:item=1763361847&perks=1147230557,1065371964,4223976499,3684445958
dimwishlist:item=1763361847&perks=1147230557,1065371964,4223976499,2799030358
dimwishlist:item=1763361847&perks=1147230557,1065371964,4223976499,3581929919
dimwishlist:item=1763361847&perks=1147230557,1065371964,4096144819,2675184851
dimwishlist:item=1763361847&perks=1147230557,1065371964,4096144819,3684445958
dimwishlist:item=1763361847&perks=1147230557,1065371964,4096144819,2799030358
dimwishlist:item=1763361847&perks=1147230557,1065371964,4096144819,3581929919
dimwishlist:item=1763361847&perks=1147230557,1065371964,4245865861,2675184851
dimwishlist:item=1763361847&perks=1147230557,1065371964,4245865861,3684445958
dimwishlist:item=1763361847&perks=1147230557,1065371964,4245865861,2799030358
dimwishlist:item=1763361847&perks=1147230557,1065371964,4245865861,3581929919
dimwishlist:item=1763361847&perks=1147230557,3267421167,820036316,2675184851
dimwishlist:item=1763361847&perks=1147230557,3267421167,820036316,3684445958
dimwishlist:item=1763361847&perks=1147230557,3267421167,820036316,2799030358
dimwishlist:item=1763361847&perks=1147230557,3267421167,820036316,3581929919
dimwishlist:item=1763361847&perks=1147230557,3267421167,4223976499,2675184851
dimwishlist:item=1763361847&perks=1147230557,3267421167,4223976499,3684445958
dimwishlist:item=1763361847&perks=1147230557,3267421167,4223976499,2799030358
dimwishlist:item=1763361847&perks=1147230557,3267421167,4223976499,3581929919
dimwishlist:item=1763361847&perks=1147230557,3267421167,4096144819,2675184851
dimwishlist:item=1763361847&perks=1147230557,3267421167,4096144819,3684445958
dimwishlist:item=1763361847&perks=1147230557,3267421167,4096144819,2799030358
dimwishlist:item=1763361847&perks=1147230557,3267421167,4096144819,3581929919
dimwishlist:item=1763361847&perks=1147230557,3267421167,4245865861,2675184851
dimwishlist:item=1763361847&perks=1147230557,3267421167,4245865861,3684445958
dimwishlist:item=1763361847&perks=1147230557,3267421167,4245865861,2799030358
dimwishlist:item=1763361847&perks=1147230557,3267421167,4245865861,3581929919
dimwishlist:item=1763361847&perks=3966296580,1709045111,820036316,2675184851
dimwishlist:item=1763361847&perks=3966296580,1709045111,820036316,3684445958
dimwishlist:item=1763361847&perks=3966296580,1709045111,820036316,2799030358
dimwishlist:item=1763361847&perks=3966296580,1709045111,820036316,3581929919
dimwishlist:item=1763361847&perks=3966296580,1709045111,4223976499,2675184851
dimwishlist:item=1763361847&perks=3966296580,1709045111,4223976499,3684445958
dimwishlist:item=1763361847&perks=3966296580,1709045111,4223976499,2799030358
dimwishlist:item=1763361847&perks=3966296580,1709045111,4223976499,3581929919
dimwishlist:item=1763361847&perks=3966296580,1709045111,4096144819,2675184851
dimwishlist:item=1763361847&perks=3966296580,1709045111,4096144819,3684445958
dimwishlist:item=1763361847&perks=3966296580,1709045111,4096144819,2799030358
dimwishlist:item=1763361847&perks=3966296580,1709045111,4096144819,3581929919
dimwishlist:item=1763361847&perks=3966296580,1709045111,4245865861,2675184851
dimwishlist:item=1763361847&perks=3966296580,1709045111,4245865861,3684445958
dimwishlist:item=1763361847&perks=3966296580,1709045111,4245865861,2799030358
dimwishlist:item=1763361847&perks=3966296580,1709045111,4245865861,3581929919
dimwishlist:item=1763361847&perks=3966296580,1783397184,820036316,2675184851
dimwishlist:item=1763361847&perks=3966296580,1783397184,820036316,3684445958
dimwishlist:item=1763361847&perks=3966296580,1783397184,820036316,2799030358
dimwishlist:item=1763361847&perks=3966296580,1783397184,820036316,3581929919
dimwishlist:item=1763361847&perks=3966296580,1783397184,4223976499,2675184851
dimwishlist:item=1763361847&perks=3966296580,1783397184,4223976499,3684445958
dimwishlist:item=1763361847&perks=3966296580,1783397184,4223976499,2799030358
dimwishlist:item=1763361847&perks=3966296580,1783397184,4223976499,3581929919
dimwishlist:item=1763361847&perks=3966296580,1783397184,4096144819,2675184851
dimwishlist:item=1763361847&perks=3966296580,1783397184,4096144819,3684445958
dimwishlist:item=1763361847&perks=3966296580,1783397184,4096144819,2799030358
dimwishlist:item=1763361847&perks=3966296580,1783397184,4096144819,3581929919
dimwishlist:item=1763361847&perks=3966296580,1783397184,4245865861,2675184851
dimwishlist:item=1763361847&perks=3966296580,1783397184,4245865861,3684445958
dimwishlist:item=1763361847&perks=3966296580,1783397184,4245865861,2799030358
dimwishlist:item=1763361847&perks=3966296580,1783397184,4245865861,3581929919
dimwishlist:item=1763361847&perks=3966296580,1065371964,820036316,2675184851
dimwishlist:item=1763361847&perks=3966296580,1065371964,820036316,3684445958
dimwishlist:item=1763361847&perks=3966296580,1065371964,820036316,2799030358
dimwishlist:item=1763361847&perks=3966296580,1065371964,820036316,3581929919
dimwishlist:item=1763361847&perks=3966296580,1065371964,4223976499,2675184851
dimwishlist:item=1763361847&perks=3966296580,1065371964,4223976499,3684445958
dimwishlist:item=1763361847&perks=3966296580,1065371964,4223976499,2799030358
dimwishlist:item=1763361847&perks=3966296580,1065371964,4223976499,3581929919
dimwishlist:item=1763361847&perks=3966296580,1065371964,4096144819,2675184851
dimwishlist:item=1763361847&perks=3966296580,1065371964,4096144819,3684445958
dimwishlist:item=1763361847&perks=3966296580,1065371964,4096144819,2799030358
dimwishlist:item=1763361847&perks=3966296580,1065371964,4096144819,3581929919
dimwishlist:item=1763361847&perks=3966296580,1065371964,4245865861,2675184851
dimwishlist:item=1763361847&perks=3966296580,1065371964,4245865861,3684445958
dimwishlist:item=1763361847&perks=3966296580,1065371964,4245865861,2799030358
dimwishlist:item=1763361847&perks=3966296580,1065371964,4245865861,3581929919
dimwishlist:item=1763361847&perks=3966296580,3267421167,820036316,2675184851
dimwishlist:item=1763361847&perks=3966296580,3267421167,820036316,3684445958
dimwishlist:item=1763361847&perks=3966296580,3267421167,820036316,2799030358
dimwishlist:item=1763361847&perks=3966296580,3267421167,820036316,3581929919
dimwishlist:item=1763361847&perks=3966296580,3267421167,4223976499,2675184851
dimwishlist:item=1763361847&perks=3966296580,3267421167,4223976499,3684445958
dimwishlist:item=1763361847&perks=3966296580,3267421167,4223976499,2799030358
dimwishlist:item=1763361847&perks=3966296580,3267421167,4223976499,3581929919
dimwishlist:item=1763361847&perks=3966296580,3267421167,4096144819,2675184851
dimwishlist:item=1763361847&perks=3966296580,3267421167,4096144819,3684445958
dimwishlist:item=1763361847&perks=3966296580,3267421167,4096144819,2799030358
dimwishlist:item=1763361847&perks=3966296580,3267421167,4096144819,3581929919
dimwishlist:item=1763361847&perks=3966296580,3267421167,4245865861,2675184851
dimwishlist:item=1763361847&perks=3966296580,3267421167,4245865861,3684445958
dimwishlist:item=1763361847&perks=3966296580,3267421167,4245865861,2799030358
dimwishlist:item=1763361847&perks=3966296580,3267421167,4245865861,3581929919
dimwishlist:item=1763361847&perks=2860123632,1709045111,820036316,2675184851
dimwishlist:item=1763361847&perks=2860123632,1709045111,820036316,3684445958
dimwishlist:item=1763361847&perks=2860123632,1709045111,820036316,2799030358
dimwishlist:item=1763361847&perks=2860123632,1709045111,820036316,3581929919
dimwishlist:item=1763361847&perks=2860123632,1709045111,4223976499,2675184851
dimwishlist:item=1763361847&perks=2860123632,1709045111,4223976499,3684445958
dimwishlist:item=1763361847&perks=2860123632,1709045111,4223976499,2799030358
dimwishlist:item=1763361847&perks=2860123632,1709045111,4223976499,3581929919
dimwishlist:item=1763361847&perks=2860123632,1709045111,4096144819,2675184851
dimwishlist:item=1763361847&perks=2860123632,1709045111,4096144819,3684445958
dimwishlist:item=1763361847&perks=2860123632,1709045111,4096144819,2799030358
dimwishlist:item=1763361847&perks=2860123632,1709045111,4096144819,3581929919
dimwishlist:item=1763361847&perks=2860123632,1709045111,4245865861,2675184851
dimwishlist:item=1763361847&perks=2860123632,1709045111,4245865861,3684445958
dimwishlist:item=1763361847&perks=2860123632,1709045111,4245865861,2799030358
dimwishlist:item=1763361847&perks=2860123632,1709045111,4245865861,3581929919
dimwishlist:item=1763361847&perks=2860123632,1783397184,820036316,2675184851
dimwishlist:item=1763361847&perks=2860123632,1783397184,820036316,3684445958
dimwishlist:item=1763361847&perks=2860123632,1783397184,820036316,2799030358
dimwishlist:item=1763361847&perks=2860123632,1783397184,820036316,3581929919
dimwishlist:item=1763361847&perks=2860123632,1783397184,4223976499,2675184851
dimwishlist:item=1763361847&perks=2860123632,1783397184,4223976499,3684445958
dimwishlist:item=1763361847&perks=2860123632,1783397184,4223976499,2799030358
dimwishlist:item=1763361847&perks=2860123632,1783397184,4223976499,3581929919
dimwishlist:item=1763361847&perks=2860123632,1783397184,4096144819,2675184851
dimwishlist:item=1763361847&perks=2860123632,1783397184,4096144819,3684445958
dimwishlist:item=1763361847&perks=2860123632,1783397184,4096144819,2799030358
dimwishlist:item=1763361847&perks=2860123632,1783397184,4096144819,3581929919
dimwishlist:item=1763361847&perks=2860123632,1783397184,4245865861,2675184851
dimwishlist:item=1763361847&perks=2860123632,1783397184,4245865861,3684445958
dimwishlist:item=1763361847&perks=2860123632,1783397184,4245865861,2799030358
dimwishlist:item=1763361847&perks=2860123632,1783397184,4245865861,3581929919
dimwishlist:item=1763361847&perks=2860123632,1065371964,820036316,2675184851
dimwishlist:item=1763361847&perks=2860123632,1065371964,820036316,3684445958
dimwishlist:item=1763361847&perks=2860123632,1065371964,820036316,2799030358
dimwishlist:item=1763361847&perks=2860123632,1065371964,820036316,3581929919
dimwishlist:item=1763361847&perks=2860123632,1065371964,4223976499,2675184851
dimwishlist:item=1763361847&perks=2860123632,1065371964,4223976499,3684445958
dimwishlist:item=1763361847&perks=2860123632,1065371964,4223976499,2799030358
dimwishlist:item=1763361847&perks=2860123632,1065371964,4223976499,3581929919
dimwishlist:item=1763361847&perks=2860123632,1065371964,4096144819,2675184851
dimwishlist:item=1763361847&perks=2860123632,1065371964,4096144819,3684445958
dimwishlist:item=1763361847&perks=2860123632,1065371964,4096144819,2799030358
dimwishlist:item=1763361847&perks=2860123632,1065371964,4096144819,3581929919
dimwishlist:item=1763361847&perks=2860123632,1065371964,4245865861,2675184851
dimwishlist:item=1763361847&perks=2860123632,1065371964,4245865861,3684445958
dimwishlist:item=1763361847&perks=2860123632,1065371964,4245865861,2799030358
dimwishlist:item=1763361847&perks=2860123632,1065371964,4245865861,3581929919
dimwishlist:item=1763361847&perks=2860123632,3267421167,820036316,2675184851
dimwishlist:item=1763361847&perks=2860123632,3267421167,820036316,3684445958
dimwishlist:item=1763361847&perks=2860123632,3267421167,820036316,2799030358
dimwishlist:item=1763361847&perks=2860123632,3267421167,820036316,3581929919
dimwishlist:item=1763361847&perks=2860123632,3267421167,4223976499,2675184851
dimwishlist:item=1763361847&perks=2860123632,3267421167,4223976499,3684445958
dimwishlist:item=1763361847&perks=2860123632,3267421167,4223976499,2799030358
dimwishlist:item=1763361847&perks=2860123632,3267421167,4223976499,3581929919
dimwishlist:item=1763361847&perks=2860123632,3267421167,4096144819,2675184851
dimwishlist:item=1763361847&perks=2860123632,3267421167,4096144819,3684445958
dimwishlist:item=1763361847&perks=2860123632,3267421167,4096144819,2799030358
dimwishlist:item=1763361847&perks=2860123632,3267421167,4096144819,3581929919
dimwishlist:item=1763361847&perks=2860123632,3267421167,4245865861,2675184851
dimwishlist:item=1763361847&perks=2860123632,3267421167,4245865861,3684445958
dimwishlist:item=1763361847&perks=2860123632,3267421167,4245865861,2799030358
dimwishlist:item=1763361847&perks=2860123632,3267421167,4245865861,3581929919

// Something Something ()
dimwishlist:item=3421075982&perks=573122728,23371658
dimwishlist:item=3421075982&perks=573122728,122204356
dimwishlist:item=3421075982&perks=573122728,496047945
dimwishlist:item=3421075982&perks=1011551830,23371658
dimwishlist:item=3421075982&perks=1011551830,122204356
dimwishlist:item=3421075982&perks=1011551830,496047945

// Mistral Lift
//notes: MW - Handling / Charge Time
dimwishlist:item=766122634&perks=3048246338,1279785143,2817499044,3744057135,54024075
dimwishlist:item=766122634&perks=111235976,1279785143,2817499044,3744057135,54024075
dimwishlist:item=766122634&perks=1124871858,1279785143,2817499044,3744057135,54024075

// Fimbulwinter Stitch - Fimbulwinter Stitch ()
//notes: MW - Handling
dimwishlist:item=3685829362&perks=3048246338,1709045111,511499160,2633604463
dimwishlist:item=3685829362&perks=3048246338,1709045111,511499160,1720528630
dimwishlist:item=3685829362&perks=3048246338,1709045111,65604327,2633604463
dimwishlist:item=3685829362&perks=3048246338,1709045111,65604327,1720528630
dimwishlist:item=3685829362&perks=3048246338,1709045111,2938480696,2633604463
dimwishlist:item=3685829362&perks=3048246338,1709045111,2938480696,1720528630
dimwishlist:item=3685829362&perks=3048246338,1065371964,511499160,2633604463
dimwishlist:item=3685829362&perks=3048246338,1065371964,511499160,1720528630
dimwishlist:item=3685829362&perks=3048246338,1065371964,65604327,2633604463
dimwishlist:item=3685829362&perks=3048246338,1065371964,65604327,1720528630
dimwishlist:item=3685829362&perks=3048246338,1065371964,2938480696,2633604463
dimwishlist:item=3685829362&perks=3048246338,1065371964,2938480696,1720528630
dimwishlist:item=3685829362&perks=3048246338,550838496,511499160,2633604463
dimwishlist:item=3685829362&perks=3048246338,550838496,511499160,1720528630
dimwishlist:item=3685829362&perks=3048246338,550838496,65604327,2633604463
dimwishlist:item=3685829362&perks=3048246338,550838496,65604327,1720528630
dimwishlist:item=3685829362&perks=3048246338,550838496,2938480696,2633604463
dimwishlist:item=3685829362&perks=3048246338,550838496,2938480696,1720528630
dimwishlist:item=3685829362&perks=111235976,1709045111,511499160,2633604463
dimwishlist:item=3685829362&perks=111235976,1709045111,511499160,1720528630
dimwishlist:item=3685829362&perks=111235976,1709045111,65604327,2633604463
dimwishlist:item=3685829362&perks=111235976,1709045111,65604327,1720528630
dimwishlist:item=3685829362&perks=111235976,1709045111,2938480696,2633604463
dimwishlist:item=3685829362&perks=111235976,1709045111,2938480696,1720528630
dimwishlist:item=3685829362&perks=111235976,1065371964,511499160,2633604463
dimwishlist:item=3685829362&perks=111235976,1065371964,511499160,1720528630
dimwishlist:item=3685829362&perks=111235976,1065371964,65604327,2633604463
dimwishlist:item=3685829362&perks=111235976,1065371964,65604327,1720528630
dimwishlist:item=3685829362&perks=111235976,1065371964,2938480696,2633604463
dimwishlist:item=3685829362&perks=111235976,1065371964,2938480696,1720528630
dimwishlist:item=3685829362&perks=111235976,550838496,511499160,2633604463
dimwishlist:item=3685829362&perks=111235976,550838496,511499160,1720528630
dimwishlist:item=3685829362&perks=111235976,550838496,65604327,2633604463
dimwishlist:item=3685829362&perks=111235976,550838496,65604327,1720528630
dimwishlist:item=3685829362&perks=111235976,550838496,2938480696,2633604463
dimwishlist:item=3685829362&perks=111235976,550838496,2938480696,1720528630
dimwishlist:item=3685829362&perks=1124871858,1709045111,511499160,2633604463
dimwishlist:item=3685829362&perks=1124871858,1709045111,511499160,1720528630
dimwishlist:item=3685829362&perks=1124871858,1709045111,65604327,2633604463
dimwishlist:item=3685829362&perks=1124871858,1709045111,65604327,1720528630
dimwishlist:item=3685829362&perks=1124871858,1709045111,2938480696,2633604463
dimwishlist:item=3685829362&perks=1124871858,1709045111,2938480696,1720528630
dimwishlist:item=3685829362&perks=1124871858,1065371964,511499160,2633604463
dimwishlist:item=3685829362&perks=1124871858,1065371964,511499160,1720528630
dimwishlist:item=3685829362&perks=1124871858,1065371964,65604327,2633604463
dimwishlist:item=3685829362&perks=1124871858,1065371964,65604327,1720528630
dimwishlist:item=3685829362&perks=1124871858,1065371964,2938480696,2633604463
dimwishlist:item=3685829362&perks=1124871858,1065371964,2938480696,1720528630
dimwishlist:item=3685829362&perks=1124871858,550838496,511499160,2633604463
dimwishlist:item=3685829362&perks=1124871858,550838496,511499160,1720528630
dimwishlist:item=3685829362&perks=1124871858,550838496,65604327,2633604463
dimwishlist:item=3685829362&perks=1124871858,550838496,65604327,1720528630
dimwishlist:item=3685829362&perks=1124871858,550838496,2938480696,2633604463
dimwishlist:item=3685829362&perks=1124871858,550838496,2938480696,1720528630
dimwishlist:item=3685829362&perks=3966296580,1709045111,511499160,2633604463
dimwishlist:item=3685829362&perks=3966296580,1709045111,511499160,1720528630
dimwishlist:item=3685829362&perks=3966296580,1709045111,65604327,2633604463
dimwishlist:item=3685829362&perks=3966296580,1709045111,65604327,1720528630
dimwishlist:item=3685829362&perks=3966296580,1709045111,2938480696,2633604463
dimwishlist:item=3685829362&perks=3966296580,1709045111,2938480696,1720528630
dimwishlist:item=3685829362&perks=3966296580,1065371964,511499160,2633604463
dimwishlist:item=3685829362&perks=3966296580,1065371964,511499160,1720528630
dimwishlist:item=3685829362&perks=3966296580,1065371964,65604327,2633604463
dimwishlist:item=3685829362&perks=3966296580,1065371964,65604327,1720528630
dimwishlist:item=3685829362&perks=3966296580,1065371964,2938480696,2633604463
dimwishlist:item=3685829362&perks=3966296580,1065371964,2938480696,1720528630
dimwishlist:item=3685829362&perks=3966296580,550838496,511499160,2633604463
dimwishlist:item=3685829362&perks=3966296580,550838496,511499160,1720528630
dimwishlist:item=3685829362&perks=3966296580,550838496,65604327,2633604463
dimwishlist:item=3685829362&perks=3966296580,550838496,65604327,1720528630
dimwishlist:item=3685829362&perks=3966296580,550838496,2938480696,2633604463
dimwishlist:item=3685829362&perks=3966296580,550838496,2938480696,1720528630

// Compact Defender ()
//notes: MW - Heat Generation
dimwishlist:item=2819552809&perks=3048246338,1454612425,1926441324,2799030358
dimwishlist:item=2819552809&perks=3048246338,1454612425,1926441324,2541826827
dimwishlist:item=2819552809&perks=3048246338,1454612425,1926441324,3007133316
dimwishlist:item=2819552809&perks=3048246338,1507295317,1926441324,2799030358
dimwishlist:item=2819552809&perks=3048246338,1507295317,1926441324,2541826827
dimwishlist:item=2819552809&perks=3048246338,1507295317,1926441324,3007133316
dimwishlist:item=2819552809&perks=3048246338,2126519017,1926441324,2799030358
dimwishlist:item=2819552809&perks=3048246338,2126519017,1926441324,2541826827
dimwishlist:item=2819552809&perks=3048246338,2126519017,1926441324,3007133316
dimwishlist:item=2819552809&perks=3048246338,4273542183,1926441324,2799030358
dimwishlist:item=2819552809&perks=3048246338,4273542183,1926441324,2541826827
dimwishlist:item=2819552809&perks=3048246338,4273542183,1926441324,3007133316
dimwishlist:item=2819552809&perks=111235976,1454612425,1926441324,2799030358
dimwishlist:item=2819552809&perks=111235976,1454612425,1926441324,2541826827
dimwishlist:item=2819552809&perks=111235976,1454612425,1926441324,3007133316
dimwishlist:item=2819552809&perks=111235976,1507295317,1926441324,2799030358
dimwishlist:item=2819552809&perks=111235976,1507295317,1926441324,2541826827
dimwishlist:item=2819552809&perks=111235976,1507295317,1926441324,3007133316
dimwishlist:item=2819552809&perks=111235976,2126519017,1926441324,2799030358
dimwishlist:item=2819552809&perks=111235976,2126519017,1926441324,2541826827
dimwishlist:item=2819552809&perks=111235976,2126519017,1926441324,3007133316
dimwishlist:item=2819552809&perks=111235976,4273542183,1926441324,2799030358
dimwishlist:item=2819552809&perks=111235976,4273542183,1926441324,2541826827
dimwishlist:item=2819552809&perks=111235976,4273542183,1926441324,3007133316
dimwishlist:item=2819552809&perks=1124871858,1454612425,1926441324,2799030358
dimwishlist:item=2819552809&perks=1124871858,1454612425,1926441324,2541826827
dimwishlist:item=2819552809&perks=1124871858,1454612425,1926441324,3007133316
dimwishlist:item=2819552809&perks=1124871858,1507295317,1926441324,2799030358
dimwishlist:item=2819552809&perks=1124871858,1507295317,1926441324,2541826827
dimwishlist:item=2819552809&perks=1124871858,1507295317,1926441324,3007133316
dimwishlist:item=2819552809&perks=1124871858,2126519017,1926441324,2799030358
dimwishlist:item=2819552809&perks=1124871858,2126519017,1926441324,2541826827
dimwishlist:item=2819552809&perks=1124871858,2126519017,1926441324,3007133316
dimwishlist:item=2819552809&perks=1124871858,4273542183,1926441324,2799030358
dimwishlist:item=2819552809&perks=1124871858,4273542183,1926441324,2541826827
dimwishlist:item=2819552809&perks=1124871858,4273542183,1926441324,3007133316
dimwishlist:item=2819552809&perks=3966296580,1454612425,1926441324,2799030358
dimwishlist:item=2819552809&perks=3966296580,1454612425,1926441324,2541826827
dimwishlist:item=2819552809&perks=3966296580,1454612425,1926441324,3007133316
dimwishlist:item=2819552809&perks=3966296580,1507295317,1926441324,2799030358
dimwishlist:item=2819552809&perks=3966296580,1507295317,1926441324,2541826827
dimwishlist:item=2819552809&perks=3966296580,1507295317,1926441324,3007133316
dimwishlist:item=2819552809&perks=3966296580,2126519017,1926441324,2799030358
dimwishlist:item=2819552809&perks=3966296580,2126519017,1926441324,2541826827
dimwishlist:item=2819552809&perks=3966296580,2126519017,1926441324,3007133316
dimwishlist:item=2819552809&perks=3966296580,4273542183,1926441324,2799030358
dimwishlist:item=2819552809&perks=3966296580,4273542183,1926441324,2541826827
dimwishlist:item=2819552809&perks=3966296580,4273542183,1926441324,3007133316

// A Good Shout ()
dimwishlist:item=3615748501&perks=2817499044,23371658,2223800157
dimwishlist:item=3615748501&perks=2904194311,23371658,2223800157

// Eighty-Six ()
dimwishlist:item=2344383760&perks=4085959009,496047945,4232410959
dimwishlist:item=2344383760&perks=4085959009,983853954,4232410959
dimwishlist:item=2344383760&perks=4085959009,984655331,4232410959
dimwishlist:item=2344383760&perks=4085959009,3406782879,4232410959
dimwishlist:item=2344383760&perks=2860991074,496047945,4232410959
dimwishlist:item=2344383760&perks=2860991074,983853954,4232410959
dimwishlist:item=2344383760&perks=2860991074,984655331,4232410959
dimwishlist:item=2344383760&perks=2860991074,3406782879,4232410959
dimwishlist:item=2344383760&perks=2581144697,496047945,4232410959
dimwishlist:item=2344383760&perks=2581144697,983853954,4232410959
dimwishlist:item=2344383760&perks=2581144697,984655331,4232410959
dimwishlist:item=2344383760&perks=2581144697,3406782879,4232410959
dimwishlist:item=2344383760&perks=1661646271,496047945,4232410959
dimwishlist:item=2344383760&perks=1661646271,983853954,4232410959
dimwishlist:item=2344383760&perks=1661646271,984655331,4232410959
dimwishlist:item=2344383760&perks=1661646271,3406782879,4232410959
dimwishlist:item=2344383760&perks=4183521337,496047945,4232410959
dimwishlist:item=2344383760&perks=4183521337,983853954,4232410959
dimwishlist:item=2344383760&perks=4183521337,984655331,4232410959
dimwishlist:item=2344383760&perks=4183521337,3406782879,4232410959
dimwishlist:item=2344383760&perks=3422796781,496047945,4232410959
dimwishlist:item=2344383760&perks=3422796781,983853954,4232410959
dimwishlist:item=2344383760&perks=3422796781,984655331,4232410959
dimwishlist:item=2344383760&perks=3422796781,3406782879,4232410959

// Uncivil Discourse
dimwishlist:item=3146657389&perks=3291427296,1370847713
dimwishlist:item=3146657389&perks=3291427296,2799030358
dimwishlist:item=3146657389&perks=3291427296,717070634
dimwishlist:item=3146657389&perks=3291427296,3007133316

